# Created by Octave 4.0.0, Fri Sep 18 15:16:20 2015 Pacific Daylight Time <unknown@Bharath-PC>
# name: Information
# type: sq_string
# elements: 1
# length: 34
3D Brownian Motion, d=47.958 units


# name: N
# type: scalar
1000


# name: d
# type: scalar
47.95758849839913


# name: h
# type: scalar
1


# name: r0
# type: matrix
# rows: 1
# columns: 3
 0.6151671368947277 -0.138293031817411 0.3761341659797592


# name: rf
# type: matrix
# rows: 1
# columns: 3
 12.09842112010916 -31.20399146239166 35.06024513280996


# name: x
# type: matrix
# rows: 1
# columns: 1000
 0.6151671368947277 -0.9156050719760761 -1.128739164485608 -1.477463371274831 -2.39256922699866 -3.456447002210828 -2.4279355362796 -1.362481625181444 -1.471454277756917 -1.875494311883913 -1.675925774239771 -2.708606432799173 -4.038963913054933 -3.294325053027248 -4.914661788030653 -5.821936503002192 -3.171049892740288 -3.385446844887814 -2.925258746010116 -3.315320720278861 -1.688876045805645 -2.805990169075842 -1.656565776338807 -1.525157487895378 -0.4128016781029207 -1.459010658590623 -3.461291824019235 -3.53271251501261 -4.01213244761814 -3.51970977103267 -3.667083574877789 -2.76496556547563 -2.748958720175972 -2.121645447549696 -0.3387660864913424 -0.8163476995269314 -1.580686037389124 -3.282373415677077 -1.44844856273631 -1.840842651500256 0.7679528222616041 -1.027153674405894 -1.225196826132618 -0.9383203426999069 -1.735751913634468 -0.8151136808914291 -0.1541210385065898 0.5170984682001064 0.5993825855645312 0.4182253702124299 0.1210044992507315 -0.862348509405241 -0.4562661599249657 -1.44973838548897 -1.678695358625543 -2.165703138376199 -2.523760110681958 -3.076922233070088 -5.691805193117251 -5.533482209698983 -5.232034540132986 -5.265969459817788 -4.138097620180049 -4.597019294069622 -4.471629609853849 -5.672271920735589 -4.798229177678449 -5.248285374953878 -6.096770266966137 -7.382835903293353 -8.152346681362395 -5.504232145494083 -5.397586790783198 -7.500479894896559 -6.904661988760178 -6.978903933794538 -4.390135373943004 -4.366107093890406 -3.445125252131469 -4.391982438241246 -5.140714560513629 -5.060713067037561 -4.614993249428152 -3.942630017043756 -5.73269101371827 -4.661597028417343 -4.178278731774905 -3.629791603871598 -3.4031140998127 -3.587777643831783 -5.676876857396897 -5.853384827886236 -5.304853157340506 -4.462795522556657 -6.090412295443584 -6.205868984149869 -7.853144269509333 -8.275759956835097 -7.382038942624904 -8.479942351994705 -8.293159084300388 -9.304558185752164 -10.01796454244887 -10.89737869427156 -10.61293227906491 -11.75732665402947 -10.78889303426125 -12.25576047516298 -12.6729883623433 -12.95643751444696 -13.11019509762663 -13.14960270476647 -12.07760202615995 -12.46616106814559 -12.88264356755226 -12.7200401546682 -14.03912984174683 -13.69184894676939 -12.6504111837915 -13.59659657116038 -14.77752547778243 -12.97227274158455 -12.86437814831935 -14.69473705681362 -15.10598523493364 -13.91688976853593 -13.84404684067077 -14.67988734854966 -12.89607733298393 -13.40184388174816 -12.30872177468994 -11.32002640164853 -10.09371180406942 -11.95493063556659 -11.51879665854379 -11.27602875286012 -11.13995521518288 -10.97001014521233 -10.90088745404334 -10.07161802321335 -11.24121020982764 -11.31669435036451 -11.87722508936665 -12.52275787074884 -11.32559207401199 -10.27739387686013 -9.711405944193006 -9.717852985538771 -9.918356008284206 -10.98993600210541 -10.05275702064599 -9.8782304900976 -10.05708740905097 -10.08225073462683 -10.23403182573293 -8.473727789858545 -7.868897960209154 -10.71275774904991 -11.05213643358355 -10.80635700366771 -9.808809559647916 -9.166676946624854 -9.253675832870263 -10.59024349008128 -11.41978996289226 -11.42724973627483 -9.440715778959063 -9.515648305117889 -8.761885691276586 -9.107458495271281 -9.988643817343595 -10.06851411371351 -9.247550210410074 -9.121554975582541 -10.86993014606881 -10.38412059581732 -10.46135814424393 -9.945152487619447 -10.7673738818587 -10.16797291789654 -10.52303586472022 -12.98258864650319 -13.03987514144026 -12.53882200154598 -11.46821613998767 -13.34281062611974 -13.80340693319706 -14.04853149105598 -15.09099180615186 -13.84627855602371 -14.32738659041072 -15.5213005092483 -14.04238298492262 -13.76181079852267 -13.22030297226287 -12.36947565929059 -12.50332482104237 -12.97628806003587 -12.64385937454433 -12.16211568848988 -11.2965314252801 -12.85559699188545 -12.30246096403852 -12.24277061681241 -12.94027862833014 -12.68140237227794 -13.60330941885218 -13.97333574042603 -12.41759355207515 -13.02432116956272 -13.75389917879822 -15.03893744705051 -13.42387497388482 -14.50474368227154 -13.50642077423968 -13.83613309013244 -12.81259064678359 -13.57790214385863 -13.69494140758434 -13.95436152704449 -12.71983907075639 -12.87992727319851 -13.96433908873278 -13.89757299772386 -13.68861022504394 -14.3982825217384 -15.2532468276342 -14.97601427910377 -14.91843632502663 -14.69770552026754 -15.13982620457691 -13.2043900311577 -13.15849272721396 -12.83989627012709 -11.90374129697489 -13.73938423477825 -14.9259594602724 -13.82603737563006 -15.48980513347701 -14.72065652810489 -15.45406895544737 -14.87816576462855 -15.45026352902486 -14.34715464001232 -14.734594937556 -14.77064710942172 -15.29751797293634 -15.60703070497948 -14.35359775348992 -14.50037628321473 -14.66399197991524 -14.17459986636731 -13.31020031924041 -12.13161921046419 -13.79781294082161 -14.31627835387525 -13.78428466952831 -12.97674118713679 -12.55386422529936 -13.40462664086324 -12.48536385254635 -12.49245598209223 -14.41652696508809 -15.67183396127289 -13.91243245840949 -13.06355425259638 -13.23699223809993 -12.66927081386722 -13.1846429623739 -13.57358708461591 -13.01032591648533 -13.83872671761177 -12.02767428915036 -11.23672804903129 -11.03378148863332 -11.19476386493715 -10.93004863789504 -11.46234047250564 -13.73137942285809 -14.86361309788919 -13.90910985581557 -14.45429290011588 -14.01696476063765 -13.52090885491501 -13.95931837250177 -13.236212583925 -12.91379117733317 -13.47220193121348 -15.41580234629666 -15.40192518239547 -15.51261201139351 -14.86295663698359 -14.40239145708841 -12.90196631493461 -12.99811406474697 -13.83536615278764 -15.68886764470234 -15.97556680341956 -15.41444769341183 -15.54359730501379 -16.17101071982293 -14.00342773351892 -12.71318222220486 -12.93505267114045 -13.35085891726417 -13.59190206036566 -14.36334158680536 -14.2525734507028 -14.67597517226258 -14.84985585302554 -14.04377855500795 -12.87882887942269 -12.13934080278149 -11.20512079877376 -11.70706145589075 -10.94245205206117 -12.18596611426575 -11.53784933887334 -11.48776777606222 -12.95649872626053 -12.67982035348183 -10.70622048176863 -10.39225216656938 -10.67477984492405 -8.751946993571961 -8.430136771844335 -7.633338129472757 -6.660082354445986 -7.046672155317632 -8.09349125079711 -8.221355854767584 -7.871756308209158 -7.194230148778895 -7.054762136421737 -7.355227106219182 -9.043947795122612 -7.660225066310785 -6.555556660549924 -8.60978104122003 -6.64129571510855 -6.287877665166687 -7.175050033977008 -6.581433465124455 -6.340639325497429 -6.160749432557994 -5.684809106629147 -5.597546954047417 -5.798475665907659 -5.459099881630752 -6.029980109112612 -6.631920264247332 -5.952557977070832 -5.418281165942916 -5.743864682205926 -4.681132257222414 -7.29240976680045 -7.48989667095368 -6.437019035594504 -6.74829573254837 -7.442839835702414 -8.848798579897243 -8.663415200187163 -7.31412595781891 -6.318290174464922 -5.66128749266275 -6.542267166496051 -5.461017464883455 -6.084517283390455 -6.736479025456144 -8.172990242534379 -9.264713131798834 -10.82540266670122 -9.994061199577478 -9.47395188332024 -9.035442877399987 -8.546754058755898 -9.220722763868897 -10.00186616354124 -12.64071155436366 -11.15684054732608 -11.08310129178419 -10.86838808756439 -10.67960959957135 -10.97270669146144 -9.509826980992507 -10.87444158289969 -10.34274552445282 -11.34278947647377 -10.36768679517096 -10.70595884201497 -8.627140970346922 -7.323174320860054 